4294967295
21579914024
18555545623
18152434264
14178283635
9181076308
578199118
1694759281
35612816960
39646147218
27148909109
38725445112
32178461693
40322289821
23076015895
34659930788
31375366598
34574024216
1822475311
15019074247
8849411055
13865022470
40405482908
21822195450
39679128572
35618526854
4590368942
36282110648
26290985240
4837932962
21990485978
26959870591
31313199137
21692386191
443719969
19071662329
26551872633
35900610378
14136728190
22716571148
39734253539
8974744773
14567469355
10226492750
40256877285
12916044420
30939969340
31861353587
34837816746
26669366205
25840690791
18804863970
1368302022
1238318352
30823901571
601410255
35045347256
35425882634
26915723032
17456827190
26357062736
4865912024
14414211788
40093305595
30151463259
22256539472
834550663
35370273459
14162499185
26297817488
13318841065
27497726319
23590480886
22815077269
18381671142
36074425629
6220266645
22578870996
13243093839
35526768607
17765698721
17782332543
8650398326
31540520307
1714368265
31292076260
26755507055
39775077528
40109032927
27837747844
27700131594
25920026636
31838067112
5162752779
5944375495
13313790387
23310901802
18688003478
9086801270
31151877518